0.000000        0.000000	2.000000
0.010000        0.000098        2.039000
0.020000        0.000230        2.089800
0.030000        0.000334        2.127600
0.040000        0.000449        2.169200
0.050000        0.000632        2.234400
0.060000        0.000730        2.263000
0.070000        0.000865        2.312000
0.080000        0.001018        2.362600
0.090000        0.001169        2.411400
0.100000        0.001433        2.485400
0.110000        0.001638        2.554800
0.120000        0.001848        2.621600
0.130000        0.002070        2.681600
0.140000        0.002301        2.748000
0.150000        0.002623        2.830400
0.160000        0.002989        2.932600
0.170000        0.003472        3.055200
0.180000        0.003651        3.107600
0.190000        0.004069        3.208200
0.200000        0.004646        3.341000
0.210000        0.005063        3.455600
0.220000        0.005632        3.549200
0.230000        0.006574        3.758400
0.240000        0.007214        3.884200
0.250000        0.008223        4.092800
0.260000        0.008850        4.218600
0.270000        0.009989        4.424000
0.280000        0.011188        4.643400
0.290000        0.013020        4.964600
0.300000        0.014614        5.230600
0.310000        0.016671        5.523800
0.320000        0.018802        5.854200
0.330000        0.021725        6.267200
0.340000        0.025752        6.844800
0.350000        0.028843        7.206800
0.360000        0.034035        7.798200
0.370000        0.039976        8.508200
0.380000        0.046866        9.227000
0.390000        0.055057        9.963600
0.400000        0.066787        11.064600
0.410000        0.078538        12.103600
0.420000        0.092999        13.104800
0.430000        0.115763        14.747600
0.440000        0.137074        16.180000
0.450000        0.163817        17.609200
0.460000        0.190783        19.052800
0.470000        0.229584        20.961600
0.480000        0.273570        22.919800
0.490000        0.319455        24.748000
0.500000        0.369762        26.301800
0.510000        0.420696        27.802200
0.520000        0.477164        29.345000
0.530000        0.538493        30.547000
0.540000        0.587825        31.204800
0.550000        0.645762        31.783200
0.560000        0.693688        32.064800
0.570000        0.737779        31.736800
0.580000        0.778980        31.431200
0.590000        0.806301        31.036200
0.600000        0.836297        30.155400
0.610000        0.858459        29.506400
0.620000        0.875222        28.562200
0.630000        0.896974        28.073600
0.640000        0.907646        27.261600
0.650000        0.929355        26.813600
0.660000        0.933048        26.155200
0.670000        0.944598        25.652600
0.680000        0.952416        25.118600
0.690000        0.955266        24.646600
0.700000        0.960972        24.323200
0.710000        0.968016        24.010600
0.720000        0.975112        23.804800
0.730000        0.975093        23.409800
0.740000        0.978332        23.242600
0.750000        0.984778        23.050600
0.760000        0.987826        22.950600
0.770000        0.988885        22.788600
0.780000        0.989907        22.653200
0.790000        0.992647        22.566000
0.800000        0.993194        22.430600
0.810000        0.994549        22.380200
0.820000        0.995715        22.309400
0.830000        0.996131        22.284800
0.840000        0.996528        22.229000
0.850000        0.997275        22.186400
0.860000        0.997899        22.154600
0.870000        0.998909        22.131400
0.880000        0.998982        22.102800
0.890000        0.999202        22.094200
0.900000        0.999348        22.060200
0.910000        0.999674        22.051800
0.920000        0.999778        22.044200
0.930000        0.999844        22.036200
0.940000        0.999896        22.020800
0.950000        0.999948        22.013800
0.960000        0.999968        22.012600
0.970000        0.999981        22.002200
0.980000        0.999994        22.002800
0.990000        0.999999        22.000600
1.000000        1.000000        22.000000