0.000000        0.000000        2.000000
0.010000        0.000099        2.039600
0.020000        0.000217        2.085000
0.030000        0.000359        2.137200
0.040000        0.000478        2.178600
0.050000        0.000576        2.215000
0.060000        0.000750        2.276000
0.070000        0.000874        2.310000
0.080000        0.001070        2.380400
0.090000        0.001220        2.428600
0.100000        0.001446        2.496600
0.110000        0.001716        2.572200
0.120000        0.001878        2.624200
0.130000        0.002157        2.706600
0.140000        0.002350        2.756800
0.150000        0.002600        2.833400
0.160000        0.002984        2.932000
0.170000        0.003472        3.049600
0.180000        0.003814        3.138600
0.190000        0.004335        3.282800
0.200000        0.004652        3.336800
0.210000        0.005141        3.455400
0.220000        0.005759        3.590200
0.230000        0.006397        3.735600
0.240000        0.007045        3.860600
0.250000        0.007966        4.054800
0.260000        0.008444        4.153600
0.270000        0.010259        4.481400
0.280000        0.011366        4.650400
0.290000        0.012569        4.906000
0.300000        0.014325        5.153600
0.310000        0.016135        5.462200
0.320000        0.018671        5.874400
0.330000        0.022008        6.308600
0.340000        0.025003        6.754200
0.350000        0.028973        7.228200
0.360000        0.034338        7.864600
0.370000        0.040143        8.506000
0.380000        0.046231        9.246200
0.390000        0.055055        10.102000
0.400000        0.065300        10.938000
0.410000        0.078813        12.145400
0.420000        0.095463        13.373000
0.430000        0.113939        14.726200
0.440000        0.136450        16.091400
0.450000        0.161468        17.563000
0.460000        0.197665        19.552000
0.470000        0.230499        21.064200
0.480000        0.274116        22.790000
0.490000        0.316030        24.497600
0.500000        0.367497        26.187800
0.510000        0.426811        27.932400
0.520000        0.490532        29.800000
0.530000        0.540889        30.560400
0.540000        0.592020        31.301400
0.550000        0.641317        31.716800
0.560000        0.689965        31.851000
0.570000        0.740671        31.989600
0.580000        0.773656        31.335400
0.590000        0.803084        30.791200
0.600000        0.832752        30.259600
0.610000        0.853719        29.401400
0.620000        0.880430        28.925400
0.630000        0.894483        27.912200
0.640000        0.914166        27.324800
0.650000        0.921178        26.521600
0.660000        0.934046        26.159000
0.670000        0.940851        25.539400
0.680000        0.952835        25.234600
0.690000        0.961417        24.780000
0.700000        0.965251        24.388000
0.710000        0.969192        24.045600
0.720000        0.974161        23.652200
0.730000        0.975999        23.407400
0.740000        0.979676        23.240800
0.750000        0.982958        23.075600
0.760000        0.987181        22.961800
0.770000        0.987028        22.734800
0.780000        0.989368        22.631400
0.790000        0.991303        22.525800
0.800000        0.993239        22.474000
0.810000        0.993650        22.378200
0.820000        0.994809        22.320000
0.830000        0.996271        22.263800
0.840000        0.996430        22.233200
0.850000        0.998224        22.196200
0.860000        0.998210        22.153600
0.870000        0.998325        22.131600
0.880000        0.998975        22.099000
0.890000        0.998978        22.082400
0.900000        0.999544        22.064400
0.910000        0.999463        22.059000
0.920000        0.999746        22.044800
0.930000        0.999829        22.026400
0.940000        0.999924        22.023400
0.950000        0.999932        22.015800
0.960000        0.999962        22.006400
0.970000        0.999981        22.002600
0.980000        0.999993        21.999800
0.990000        0.999999        22.000800
1.000000        1.000000        22.000000