0.000000        0.000000        2.000000
0.010000        0.000108        2.042600
0.020000        0.000228        2.088000
0.030000        0.000337        2.129400
0.040000        0.000436        2.164000
0.050000        0.000571        2.213800
0.060000        0.000763        2.276600
0.070000        0.000867        2.309600
0.080000        0.001021        2.359000
0.090000        0.001260        2.431800
0.100000        0.001505        2.512400
0.110000        0.001569        2.537400
0.120000        0.001898        2.638600
0.130000        0.002144        2.699000
0.140000        0.002446        2.774000
0.150000        0.002888        2.899000
0.160000        0.003025        2.936800
0.170000        0.003286        3.007600
0.180000        0.003786        3.130000
0.190000        0.004069        3.190800
0.200000        0.004711        3.357800
0.210000        0.005308        3.497600
0.220000        0.006006        3.653200
0.230000        0.006177        3.655200
0.240000        0.006972        3.855200
0.250000        0.007963        4.038400
0.260000        0.008903        4.221000
0.270000        0.010197        4.460000
0.280000        0.011675        4.766200
0.290000        0.012637        4.908000
0.300000        0.014359        5.191200
0.310000        0.016006        5.480600
0.320000        0.018631        5.904400
0.330000        0.022344        6.367600
0.340000        0.024898        6.711400
0.350000        0.028300        7.188200
0.360000        0.034287        7.882400
0.370000        0.039055        8.331600
0.380000        0.045161        9.086400
0.390000        0.057224        10.265800
0.400000        0.068110        11.220200
0.410000        0.078719        12.062000
0.420000        0.095377        13.432200
0.430000        0.114699        14.663200
0.440000        0.139556        16.227600
0.450000        0.167502        18.039200
0.460000        0.193357        19.223800
0.470000        0.227267        20.703600
0.480000        0.271764        22.939000
0.490000        0.316966        24.684600
0.500000        0.359616        26.027600
0.510000        0.430880        28.080000
0.520000        0.485102        29.462400
0.530000        0.541939        30.977000
0.540000        0.583647        30.952600
0.550000        0.639883        31.270000
0.560000        0.684875        31.642200
0.570000        0.727773        31.766800
0.580000        0.775507        31.125400
0.590000        0.800276        30.868800
0.600000        0.837149        30.332800
0.610000        0.860343        29.323000
0.620000        0.876418        28.641000
0.630000        0.895916        27.955600
0.640000        0.912628        27.372600
0.650000        0.924475        26.766800
0.660000        0.936230        26.170200
0.670000        0.943163        25.622200
0.680000        0.951414        25.063200
0.690000        0.956776        24.719800
0.700000        0.961742        24.348400
0.710000        0.972189        24.070000
0.720000        0.973141        23.657000
0.730000        0.978047        23.505400
0.740000        0.980585        23.247800
0.750000        0.986346        23.101400
0.760000        0.986731        22.875400
0.770000        0.987831        22.778000
0.780000        0.991260        22.716200
0.790000        0.992185        22.589400
0.800000        0.992395        22.473200
0.810000        0.994521        22.369600
0.820000        0.996262        22.339400
0.830000        0.996451        22.259000
0.840000        0.997275        22.212000
0.850000        0.997919        22.206600
0.860000        0.998212        22.172800
0.870000        0.998916        22.149600
0.880000        0.999199        22.106000
0.890000        0.999349        22.088800
0.900000        0.999574        22.077600
0.910000        0.999489        22.048600
0.920000        0.999360        22.038200
0.930000        0.999632        22.016400
0.940000        0.999904        22.014800
0.950000        0.999950        22.017400
0.960000        0.999967        22.012400
0.970000        0.999982        22.007800
0.980000        0.999992        22.001000
0.990000        0.999999        22.001000
1.000000        1.000000        22.000000